0.000000000000 0.000000000000 -0.000000000000 -0.000000000000 0.000000000000 0.000000000000
0.000081357329 0.000325232746 0.024159882337 0.096542246030 4.782050881318 19.089692263065
0.000650465492 0.002595580780 0.096542246030 0.384615583244 9.544846131533 37.872224231613
0.002193111321 0.008724861756 0.216855632848 0.859584803807 14.269207655169 56.045377935246
0.005191161559 0.020564801655 0.384615583244 1.513807475163 18.936112115807 73.316740527963
0.010120622546 0.039875239816 0.599146587109 2.336756909627 23.526767536336 89.408409320313
0.017449723513 0.068295812465 0.859584803807 3.315191542739 28.022688967623 104.061463337698
0.027637031188 0.107319570353 1.164881540561 4.433367994986 32.405772920871 117.040129455776
0.041129603311 0.158268955013 1.513807475163 5.673294388674 36.658370263982 128.135576078296
0.058361188485 0.222274520178 1.904957606026 7.015019843977 40.763357288383 137.169273315647
0.079750479632 0.300256740749 2.336756909627 8.436955496061 44.704204660157 143.995865597622
0.105699428055 0.392911202011 2.807466682572 9.916221867997 48.465043977835 148.505510498948
0.136591624929 0.500697407401 3.315191542739 11.429017010115 52.030731668849 150.625646145030
0.172790756712 0.623831384932 3.857887061314 12.950999482281 55.386909967356 150.322158759673
0.214639140706 0.762282211217 4.433367994986 14.457680016782 58.520064727888 147.599931568515
0.262456346671 0.915772509036 5.039317085146 15.924815559809 61.417579842054 142.502766226096
0.316537910026 1.083782910446 5.673294388674 17.328799351269 64.067788039148 135.112678030841
0.377154141834 1.265560413600 6.332747102728 18.647040766393 66.460017866135 125.548576268204
0.444549040356 1.460130498830 7.015019843977 19.858328807343 68.584636657824 113.964350915758
0.518939308551 1.666312809035 7.717365340898 20.943173396109 70.433089324212 100.546396495843
0.600513481498 1.882740142066 8.436955496061 21.884118977158 71.997932798811 85.510612917932
0.689431167224 2.107880449522 9.170892773887 22.666025383859 73.272866009252 69.098931568264
0.785822404021 2.340061487983 9.916221867997 23.276311449431 74.252755249474 51.575422543279
0.889787136832 2.577497726030 10.669941601188 23.705157442625 74.933654851354 33.222045662911
1.001394814803 2.818319074115 11.429017010115 23.945663070877 75.312823072515 14.334113631539
1.120684111635 3.060600975005 12.190391566018 23.993958508598 75.388733136354 -4.784459653974
1.247662769865 3.302395370623 12.950999482281 23.849266664117 75.161079379837 -23.826049192647
1.382307569683 3.541762047035 13.707778059279 23.513915683374 74.630778484291 -42.484268680805
1.524564422433 3.776799853218 14.457680016782 22.993301489185 73.799965784258 -60.458900382396
1.674348588409 4.005677291292 15.197685764280 22.295800958820 72.671986669249 -77.460725744745
1.831545018072 4.226661986006 15.924815559809 21.432637136913 71.251383113048 -93.216179033336
1.996008815310 4.438148559302 16.636141508318 20.417698652476 69.543875384783 -107.471749106885
2.167565820892 4.638684461454 17.328799351269 19.267316245652 67.556339015420 -119.998058506500
2.346013313735 4.826993343133 18.000000000000 18.000000000000 65.296777112432 -130.593554224864
2.531120827199 5.001995592345 18.647040766393 16.636141508318 62.774288134102 -139.087750769566
2.722631077092 5.162825705795 19.267316245652 15.197685764280 59.999029253250 -145.343973338498
2.920260997659 5.308846215159 19.858328807343 13.707778059279 56.982175457879 -149.261556968582
3.123702881396 5.439657944182 20.417698652476 12.190391566018 53.735874553442 -150.777466272708
3.332625618069 5.555106431584 20.943173396109 10.669941601188 50.273198247921 -149.867309702709
3.546676027989 5.655284416388 21.432637136913 9.170892773887 46.608089516668 -146.545732018503
3.765480284132 5.740530345724 21.884118977158 7.717365340898 42.755306458966 -140.866178648423
3.988645417415 5.811422929083 22.295800958820 6.332747102728 38.730362872372 -132.920035732269
4.215760899044 5.868771826665 22.666025383859 5.039317085146 34.549465784132 -122.835159684108
4.446400293564 5.913604621644 22.993301489185 3.857887061314 30.229450191198 -110.773819934711
4.680122975966 5.947150285972 23.276311449431 2.807466682572 25.787711271640 -96.930087955669
4.916475905931 5.970819405757 23.513915683374 1.904957606026 21.242134340403 -81.526714576766
5.154995452059 5.986181484406 23.705157442625 1.164881540561 16.611022831456 -64.811545841741
5.395209258755 5.994939688727 23.849266664117 0.599146587109 11.913024596323 -47.053535072672
5.636638148230 5.998903444339 23.945663070877 0.216855632848 7.167056815770 -28.538415310339
5.878798049990 5.999959321336 23.993958508598 0.024159882337 2.392229826987 -9.564101762637
6.121201950010 5.999959321336 23.993958508598 -0.024159882337 -2.392229826987 -9.564101762637
6.363361851770 5.998903444339 23.945663070877 -0.216855632848 -7.167056815770 -28.538415310339
6.604790741245 5.994939688727 23.849266664117 -0.599146587109 -11.913024596323 -47.053535072672
6.845004547941 5.986181484406 23.705157442625 -1.164881540561 -16.611022831456 -64.811545841741
7.083524094069 5.970819405757 23.513915683374 -1.904957606026 -21.242134340403 -81.526714576766
7.319877024034 5.947150285972 23.276311449431 -2.807466682572 -25.787711271640 -96.930087955669
7.553599706436 5.913604621644 22.993301489185 -3.857887061314 -30.229450191198 -110.773819934711
7.784239100956 5.868771826665 22.666025383859 -5.039317085146 -34.549465784132 -122.835159684108
8.011354582585 5.811422929083 22.295800958820 -6.332747102728 -38.730362872372 -132.920035732269
8.234519715868 5.740530345724 21.884118977158 -7.717365340898 -42.755306458966 -140.866178648423
8.453323972011 5.655284416388 21.432637136913 -9.170892773887 -46.608089516668 -146.545732018503
8.667374381931 5.555106431584 20.943173396109 -10.669941601188 -50.273198247921 -149.867309702709
8.876297118604 5.439657944182 20.417698652476 -12.190391566018 -53.735874553442 -150.777466272708
9.079739002341 5.308846215159 19.858328807343 -13.707778059279 -56.982175457879 -149.261556968582
9.277368922908 5.162825705795 19.267316245652 -15.197685764280 -59.999029253250 -145.343973338498
9.468879172801 5.001995592345 18.647040766393 -16.636141508318 -62.774288134102 -139.087750769566
9.653986686265 4.826993343133 18.000000000000 -18.000000000000 -65.296777112432 -130.593554224864
9.832434179108 4.638684461454 17.328799351269 -19.267316245652 -67.556339015420 -119.998058506500
10.003991184690 4.438148559302 16.636141508318 -20.417698652476 -69.543875384783 -107.471749106885
10.168454981928 4.226661986006 15.924815559809 -21.432637136913 -71.251383113048 -93.216179033336
10.325651411591 4.005677291292 15.197685764280 -22.295800958820 -72.671986669249 -77.460725744745
10.475435577567 3.776799853218 14.457680016782 -22.993301489185 -73.799965784258 -60.458900382396
10.617692430317 3.541762047035 13.707778059279 -23.513915683374 -74.630778484291 -42.484268680805
10.752337230135 3.302395370623 12.950999482281 -23.849266664117 -75.161079379837 -23.826049192647
10.879315888365 3.060600975005 12.190391566018 -23.993958508598 -75.388733136354 -4.784459653974
10.998605185197 2.818319074115 11.429017010115 -23.945663070877 -75.312823072515 14.334113631539
11.110212863168 2.577497726030 10.669941601188 -23.705157442625 -74.933654851354 33.222045662911
11.214177595979 2.340061487983 9.916221867997 -23.276311449431 -74.252755249474 51.575422543279
11.310568832776 2.107880449522 9.170892773887 -22.666025383859 -73.272866009252 69.098931568264
11.399486518502 1.882740142066 8.436955496061 -21.884118977158 -71.997932798811 85.510612917932
11.481060691449 1.666312809035 7.717365340898 -20.943173396109 -70.433089324212 100.546396495843
11.555450959644 1.460130498830 7.015019843977 -19.858328807343 -68.584636657824 113.964350915758
11.622845858166 1.265560413600 6.332747102728 -18.647040766393 -66.460017866135 125.548576268204
11.683462089974 1.083782910446 5.673294388674 -17.328799351269 -64.067788039148 135.112678030841
11.737543653329 0.915772509036 5.039317085146 -15.924815559809 -61.417579842054 142.502766226096
11.785360859294 0.762282211217 4.433367994986 -14.457680016782 -58.520064727888 147.599931568515
11.827209243288 0.623831384932 3.857887061314 -12.950999482281 -55.386909967356 150.322158759673
11.863408375071 0.500697407401 3.315191542739 -11.429017010115 -52.030731668849 150.625646145030
11.894300571945 0.392911202011 2.807466682572 -9.916221867997 -48.465043977835 148.505510498948
11.920249520368 0.300256740749 2.336756909627 -8.436955496061 -44.704204660157 143.995865597622
11.941638811515 0.222274520178 1.904957606026 -7.015019843977 -40.763357288383 137.169273315647
11.958870396689 0.158268955013 1.513807475163 -5.673294388674 -36.658370263982 128.135576078296
11.972362968812 0.107319570353 1.164881540561 -4.433367994986 -32.405772920871 117.040129455776
11.982550276487 0.068295812465 0.859584803807 -3.315191542739 -28.022688967623 104.061463337698
11.989879377454 0.039875239816 0.599146587109 -2.336756909627 -23.526767536336 89.408409320313
11.994808838441 0.020564801655 0.384615583244 -1.513807475163 -18.936112115807 73.316740527963
11.997806888679 0.008724861756 0.216855632848 -0.859584803807 -14.269207655169 56.045377935246
11.999349534508 0.002595580780 0.096542246030 -0.384615583244 -9.544846131533 37.872224231613
11.999918642671 0.000325232746 0.024159882337 -0.096542246030 -4.782050881318 19.089692263065
12.000000000000 0.000000000000 -0.000000000000 0.000000000000 0.000000000000 0.000000000000
